<?xml version="1.0"?>
<opencv_storage>
<calibration_Time>"Wed 22 Feb 2017 06:49:54 PM EST"</calibration_Time>
<nrOfFrames>30</nrOfFrames>
<image_Width>1600</image_Width>
<image_Height>1200</image_Height>
<board_Width>9</board_Width>
<board_Height>6</board_Height>
<square_Size>23.</square_Size>
<flagValue>0</flagValue>
<Camera_Matrix type_id="opencv-matrix">
  <rows>3</rows>
  <cols>3</cols>
  <dt>d</dt>
  <data>
    1.2446732706092348e+03 0. 7.6244621237445813e+02 0.
    1.2508092784415699e+03 6.3033767788293358e+02 0. 0. 1.</data></Camera_Matrix>
<Distortion_Coefficients type_id="opencv-matrix">
  <rows>5</rows>
  <cols>1</cols>
  <dt>d</dt>
  <data>
    4.0840672110840298e-03 -6.8475777128242335e-02
    3.3828035938181086e-03 2.9615979651286906e-04
    -4.8165410611180431e-02</data></Distortion_Coefficients>
<Avg_Reprojection_Error>2.1192972941298263e-01</Avg_Reprojection_Error>
<Per_View_Reprojection_Errors type_id="opencv-matrix">
  <rows>30</rows>
  <cols>1</cols>
  <dt>f</dt>
  <data>
    2.58199036e-01 1.52596846e-01 1.64186701e-01 1.76747262e-01
    2.74966240e-01 1.71314046e-01 1.75799742e-01 2.68611610e-01
    3.19364846e-01 3.42577755e-01 1.42413259e-01 1.37343958e-01
    1.59944549e-01 2.48798802e-01 2.16282830e-01 3.07713121e-01
    2.07224503e-01 2.27944031e-01 2.79458672e-01 1.95285171e-01
    2.31242210e-01 1.29241347e-01 1.56547338e-01 1.29779726e-01
    1.35937423e-01 2.03989580e-01 1.56795099e-01 1.95036083e-01
    2.07160786e-01 1.24607399e-01</data></Per_View_Reprojection_Errors>
<!-- a set of 6-tuples (rotation vector + translation vector) for each view -->
<Extrinsic_Parameters type_id="opencv-matrix">
  <rows>30</rows>
  <cols>6</cols>
  <dt>d</dt>
  <data>
    3.0347446207036699e-01 3.5543152320428167e-01 2.3548902959847759e+00
    2.8139155761623186e+02 -2.8578642395495007e+02
    1.1390682754606041e+03 -3.2851911297031838e-01
    -2.6570499340207160e-01 7.3897048348430361e-01
    -3.7770299242023390e+02 8.2976918380319802e+01
    1.2225246708244895e+03 5.5920557573422169e-01 4.8176930585930522e-01
    1.8902012777019694e+00 9.4807060138393535e+02
    -2.5631978493397179e+02 1.4757734760644119e+03
    -2.0090980758006648e-02 4.5866669966471058e-01
    -3.0485209006691130e+00 -2.0412211202861511e+02
    -5.0140605935182111e+02 1.5901604503084084e+03
    -1.9602332331963090e-01 6.2353982348629833e-01
    9.1417466597020391e-01 2.7540702977554810e+02
    -2.1178344890109159e+01 7.3539268193951477e+02
    -3.7486346534549619e-01 -4.7733263693960171e-01
    1.8054465610833799e+00 -8.8976711425247106e+02
    -6.9415248005230819e+02 1.7622621466747530e+03
    9.0233122782083244e-02 2.7662818954138084e-03 1.2469408013656926e+00
    1.0622637546903686e+03 -6.8195046611089776e+02
    1.7763265101383713e+03 -1.1704280488619291e-01
    -8.4764362901580292e-02 -1.0743955861202074e-01
    6.7607336906714477e+02 3.0551526157516145e+02 1.3329207827390574e+03
    -4.9160250522531052e-01 -1.5202198491153546e-01
    -2.4914058084531625e+00 -6.0339481145587477e+01
    -1.5089938398217950e+02 1.1954815835750946e+03
    2.2728144558917207e-01 6.6496792032798135e-01 1.7951144784211766e+00
    3.9313946335699529e+02 -2.1990859403972184e+01
    6.5995286616528381e+02 -2.6320377541967427e-01
    -5.0357363530991883e-01 1.9060769751760325e+00
    -4.6112413948768557e+02 -3.6182695969683556e+02
    1.3529791786029407e+03 3.0555286088999708e-02
    -6.5196108599421061e-04 -7.5735606994809201e-01
    5.1057147040798455e+01 -7.0571033699425698e+01
    1.8110736432591605e+03 1.1818084657354183e-01 3.6033572573245426e-01
    1.9501669555788168e+00 7.4238005068496830e+02 2.4843834539447141e+02
    1.1697889470032355e+03 1.6466603576254766e-02 1.6325018870543234e-01
    1.5893547695181494e+00 -6.4487692998271064e+02
    -2.9909771403901038e+02 1.2962284805557713e+03
    1.2374607474300435e-01 -8.0026821493078693e-01
    -3.0086285430654138e+00 -4.1582618174946515e+02
    2.2773756030352885e+02 1.5106530186459524e+03
    -2.3045060246359220e-01 -8.1487650479327023e-01
    -1.7062394260073115e+00 8.3203630597460474e+01
    3.4971815598278300e+02 1.1401837955180754e+03 2.0066648197786221e-02
    -2.8711595269472728e-02 1.7161463180387068e-01
    7.6524238938182930e+02 -3.2400346969575685e+02
    1.4870865362907514e+03 -1.1881962318179019e-01
    4.2701637897268013e-01 1.0654332760215437e+00 3.7200648988621612e+02
    -4.6710695855425897e+01 7.8165304438524333e+02
    -1.3699355100190735e-01 2.0276966917063086e-01
    -1.6861835865232329e+00 -6.6476669219330449e+02
    -1.7596297517621323e+01 1.4710527514588016e+03
    -8.1896597610920119e-01 5.5611283144652211e-02
    2.8112515239875302e+00 7.4699325123930649e+01
    -1.2806136886553585e+02 1.5590154911622637e+03
    -1.7198907852438444e-01 -7.5977483035083415e-01
    -1.9078062842403490e-01 -5.8826614844167250e+02
    -1.3045833985031308e+02 1.5390072132114785e+03
    -3.6757242630945319e-01 -1.9120757623615928e-01
    7.5843227167395288e-01 -4.0986403407740130e+02
    7.0022780183479711e+01 1.2508933716256429e+03 1.1500176618610507e-01
    -1.3017485939199885e-01 -1.6092591300225068e+00
    -8.6211737009903152e+02 4.1225299607660304e+02
    1.5326794324149334e+03 -2.3848299915807883e-01
    -2.7609998871069036e-01 6.7244397975390191e-01
    -3.2414925540146442e+02 1.1623894223697498e+02
    1.2106399677565430e+03 -3.4069401602440291e-01
    -1.4495296333369281e-01 6.7283153678746699e-01
    -9.7766119066852968e+02 7.9655444185828287e+01
    1.7859018196620013e+03 -2.4016698551224183e-01
    -3.5331751830121785e-02 1.7201501669727550e+00
    -4.5789588294422323e+01 -3.5969177064099972e+02
    1.4173496584800796e+03 9.8702507029263309e-02 4.0595874771987323e-01
    1.8635154481756981e+00 6.9164911035066825e+02
    -1.6331007171105975e+02 1.1332773474058265e+03
    4.5636168746443556e-01 -1.2754332363455539e-01
    2.1602400607737127e+00 5.6838865732028057e+02
    -4.8241407047153402e+01 1.0805616522566172e+03
    -5.9230759820464822e-02 1.7367822474505362e-01
    -8.7884013282700546e-01 2.6704368886813944e+02
    -2.0849836971072673e+02 9.0985480830565609e+02
    -2.6399637933220348e-02 -3.0684744096024524e-01
    2.1764223250096069e+00 -4.0197788554453240e+02
    -2.4515994771088282e+02 1.6439745797590306e+03</data></Extrinsic_Parameters>
