<?xml version="1.0"?>
<opencv_storage>
<calibration_Time>"Sun 02 Apr 2017 05:18:04 PM EDT"</calibration_Time>
<nrOfFrames>27</nrOfFrames>
<image_Width>1600</image_Width>
<image_Height>1200</image_Height>
<board_Width>9</board_Width>
<board_Height>6</board_Height>
<square_Size>52.</square_Size>
<flagValue>0</flagValue>
<Camera_Matrix type_id="opencv-matrix">
  <rows>3</rows>
  <cols>3</cols>
  <dt>d</dt>
  <data>
    1.2804913549542928e+03 0. 7.9599002875284589e+02 0.
    1.2844840737671832e+03 5.6984645260012917e+02 0. 0. 1.</data></Camera_Matrix>
<Distortion_Coefficients type_id="opencv-matrix">
  <rows>5</rows>
  <cols>1</cols>
  <dt>d</dt>
  <data>
    3.4570736837106639e-02 -1.6768145120214495e-01
    -2.1951699541509738e-03 -8.9220784710902486e-04
    5.5563572222529535e-02</data></Distortion_Coefficients>
<Avg_Reprojection_Error>3.6407764101076245e-01</Avg_Reprojection_Error>
<Per_View_Reprojection_Errors type_id="opencv-matrix">
  <rows>27</rows>
  <cols>1</cols>
  <dt>f</dt>
  <data>
    1.79475531e-01 1.89024642e-01 2.21161634e-01 2.35667154e-01
    4.62774754e-01 4.04993623e-01 2.83789515e-01 4.53314453e-01
    2.89161026e-01 3.33392054e-01 3.97783875e-01 4.88982618e-01
    1.94491580e-01 1.25520468e-01 2.37304613e-01 4.21451360e-01
    3.94537687e-01 2.29677334e-01 3.22145879e-01 3.88331652e-01
    4.80977446e-01 7.89193511e-01 4.73873228e-01 3.65591526e-01
    3.59713882e-01 1.77538857e-01 1.62520096e-01</data></Per_View_Reprojection_Errors>
<Not_Found_Images>"./camera_3109_1/2017-04-02-170807.jpg ./camera_3109_1/2017-04-02-171107.jpg ./camera_3109_1/2017-04-02-171110.jpg ./camera_3109_1/2017-04-02-171113.jpg "</Not_Found_Images>
<!-- a set of 6-tuples (rotation vector + translation vector) for each view -->
<Extrinsic_Parameters type_id="opencv-matrix">
  <rows>27</rows>
  <cols>6</cols>
  <dt>d</dt>
  <data>
    -5.7879162158701834e-02 7.4000869061596067e-03
    3.1232095203550685e+00 -4.5595243719413389e+02
    6.5008004145614757e+02 1.5404456358123784e+03
    -3.5489767908195136e-02 2.3063818211423455e-02
    3.1312592244643320e+00 1.1613108339220862e+02 6.7855263337988026e+02
    1.5442413181138670e+03 -7.4803399270158598e-03
    -5.1033072078324436e-02 -3.1371498080459266e+00
    5.9079727220969164e+02 6.7541244463444195e+02 1.5339142473312131e+03
    1.4141385223797116e-02 7.0936792274289728e-02 1.5641346196176480e+00
    9.0005793532371399e+02 3.0503355386342566e+01 1.5584657151828267e+03
    -8.7627336407399697e-02 -5.3570457525947482e-03
    1.5549794560262458e+00 8.9395540360361542e+02
    -2.5528894627654967e+02 1.5269232329893280e+03
    5.0500512590178938e-02 2.4984076566387858e-02 1.5695464645429331e+00
    9.2657050390298025e+02 -5.7218103411032166e+02
    1.5621422499799617e+03 -3.9288244561362382e-03
    2.9295273325752727e-02 -1.3784524714445995e-02
    4.3932477651856368e+02 -6.1545181206548727e+02
    1.5442541801893001e+03 1.5393887630461890e-03 5.0170183572190906e-02
    -5.1970446585021382e-02 1.3298523774693496e+01
    -6.0048370195407415e+02 1.5619418517871211e+03
    -1.6766261170541617e-02 6.0547595905961777e-03
    -9.3402944481326446e-03 -4.4084898263059540e+02
    -6.1936644380356222e+02 1.5598277165789391e+03
    4.5632792046090172e-02 1.5459194960789105e-02 3.3428426601383497e-03
    -7.8399532255526890e+02 -6.0865412272189928e+02
    1.5426736783269746e+03 1.7183188643598295e-02
    -6.1834681058247189e-03 -2.6857425918018010e-02
    -8.9837910101722798e+02 -6.1306125317718318e+02
    1.5422876659499161e+03 2.7235409814164849e-02
    -5.4701394575918296e-03 -1.5624757328888190e+00
    -9.1199938836789352e+02 1.7792438938794754e+02
    1.6033647649439677e+03 -4.3891621621988969e-03
    -2.6504176943056555e-03 -1.7116640251640614e+00
    -2.1241391376732520e+02 3.0078192899280697e+02
    1.9108250443806767e+03 3.7805582938313228e-03 2.4258854688901563e-03
    -6.3901751460592171e-01 3.8613245923106172e+02
    -2.4038081570831654e+01 1.9141255491018649e+03
    1.3029466663999593e-02 7.2602726886930458e-01
    -5.5870328950495880e-02 4.1041347541341344e+02
    -2.6261919846722202e+02 1.8592377913456160e+03
    8.8922595588301512e-01 -6.5981397489279933e-02
    -1.3959053187533646e-01 1.6881243877975557e+01
    -2.9434712583494422e+02 1.6005106732537267e+03
    3.5359717836821812e-02 -7.1776290061893289e-01
    3.3581656041225469e-02 -3.5467875162173544e+02
    -2.5911833457671401e+02 1.5447120016846370e+03
    -5.4717635867180078e-02 -2.8636283616095137e-01
    -8.7267783919723030e-01 -2.1736791751608928e+02
    2.0069467409923803e+02 1.7475763306110387e+03 1.2718581554283862e-01
    6.7221953744240470e-01 -2.0210388627840697e-01
    2.7907883630569694e+02 -1.8349410955537238e+02
    1.4237730089637212e+03 8.2358050292033178e-02
    -4.7399808741894156e-01 -6.7377230291601906e-02
    -3.6335754056138506e+02 -2.2476356039038569e+02
    9.2218028104363907e+02 1.2351519651896847e-02
    -3.6126366007566683e-02 1.7484416931121693e-02
    -2.5021173731045138e+02 -1.4099061306124889e+02
    6.7056949405457976e+02 8.5527026765286979e-02 3.7802691327198309e-02
    1.1632402215095879e-02 -2.3513189857422407e+02
    -1.4841362107345796e+02 5.0415388402519119e+02
    4.8270211003441990e-02 1.0896903889803755e+00
    -1.0948391641535790e-01 1.3731186371249080e+02
    -1.9872199514374395e+02 1.8449363223011471e+03
    6.9099049919919553e-01 9.7824052916848092e-02 2.7172209120633405e-02
    -8.9057795414056869e+01 -4.8728319259780540e+02
    1.4931909393980056e+03 -5.3490708174810508e-01
    -1.9920394646209313e-02 3.9512859836319802e-02
    -5.2888985278894282e+01 -3.2118155956812393e+02
    1.8618466773182042e+03 4.5473549887209731e-02 4.9583075911138730e-01
    -1.9032870152679576e-01 4.8068511357833512e+02
    -1.9533663224265848e+02 1.8710435730206245e+03
    2.3819625199178206e-02 -1.9322664795622838e-02
    -1.4933274883116980e+00 -4.6952945971272143e+01
    2.1336583243681778e+02 1.9091202922898103e+03</data></Extrinsic_Parameters>
