<?xml version="1.0"?> 
<opencv_storage> 
<images> 
./camera_3109_1/2017-04-02-170744.jpg
./camera_3109_1/2017-04-02-170749.jpg
./camera_3109_1/2017-04-02-170753.jpg
./camera_3109_1/2017-04-02-170807.jpg
./camera_3109_1/2017-04-02-170827.jpg
./camera_3109_1/2017-04-02-170833.jpg
./camera_3109_1/2017-04-02-170857.jpg
./camera_3109_1/2017-04-02-170909.jpg
./camera_3109_1/2017-04-02-170918.jpg
./camera_3109_1/2017-04-02-170928.jpg
./camera_3109_1/2017-04-02-170949.jpg
./camera_3109_1/2017-04-02-170958.jpg
./camera_3109_1/2017-04-02-171005.jpg
./camera_3109_1/2017-04-02-171009.jpg
./camera_3109_1/2017-04-02-171014.jpg
./camera_3109_1/2017-04-02-171019.jpg
./camera_3109_1/2017-04-02-171025.jpg
./camera_3109_1/2017-04-02-171028.jpg
./camera_3109_1/2017-04-02-171032.jpg
./camera_3109_1/2017-04-02-171035.jpg
./camera_3109_1/2017-04-02-171038.jpg
./camera_3109_1/2017-04-02-171045.jpg
./camera_3109_1/2017-04-02-171059.jpg
./camera_3109_1/2017-04-02-171102.jpg
./camera_3109_1/2017-04-02-171107.jpg
./camera_3109_1/2017-04-02-171110.jpg
./camera_3109_1/2017-04-02-171113.jpg
./camera_3109_1/2017-04-02-171116.jpg
./camera_3109_1/2017-04-02-171119.jpg
./camera_3109_1/2017-04-02-171122.jpg
./camera_3109_1/2017-04-02-171126.jpg
</images> 
</opencv_storage> 

