<?xml version="1.0"?>
<opencv_storage>
<calibration_Time>"Tue 28 Mar 2017 09:31:34 PM EDT"</calibration_Time>
<nrOfFrames>30</nrOfFrames>
<image_Width>1600</image_Width>
<image_Height>1200</image_Height>
<board_Width>9</board_Width>
<board_Height>6</board_Height>
<square_Size>52.</square_Size>
<flagValue>0</flagValue>
<Camera_Matrix type_id="opencv-matrix">
  <rows>3</rows>
  <cols>3</cols>
  <dt>d</dt>
  <data>
    1.2842773969772368e+03 0. 8.1534552970808318e+02 0.
    1.2838846868641451e+03 6.0138307598174367e+02 0. 0. 1.</data></Camera_Matrix>
<Distortion_Coefficients type_id="opencv-matrix">
  <rows>5</rows>
  <cols>1</cols>
  <dt>d</dt>
  <data>
    7.2035881270905494e-04 -8.5101766769118597e-02
    8.2921318829303424e-04 1.2231140047345072e-03
    -2.6710640090228017e-02</data></Distortion_Coefficients>
<Avg_Reprojection_Error>5.7532216335101627e-01</Avg_Reprojection_Error>
<Per_View_Reprojection_Errors type_id="opencv-matrix">
  <rows>30</rows>
  <cols>1</cols>
  <dt>f</dt>
  <data>
    3.93792331e-01 4.58727002e-01 4.85465914e-01 4.29516047e-01
    4.34332103e-01 3.50898802e-01 3.36167246e-01 3.61038744e-01
    4.01167750e-01 1.87975571e-01 4.90794629e-01 4.37752455e-01
    2.36359417e-01 1.47877529e-01 1.53645605e-01 5.74817061e-01
    4.99283016e-01 4.17202145e-01 6.93336725e-01 5.27735114e-01
    6.28584087e-01 9.27526474e-01 9.02230203e-01 1.09807968e+00
    9.48079526e-01 7.16929734e-01 8.59128952e-01 7.05574214e-01
    3.89581561e-01 5.19810081e-01</data></Per_View_Reprojection_Errors>
<Not_Found_Images>"./camera_3015_4/2017-03-28-211534.jpg ./camera_3015_4/2017-03-28-211606.jpg "</Not_Found_Images>
<!-- a set of 6-tuples (rotation vector + translation vector) for each view -->
<Extrinsic_Parameters type_id="opencv-matrix">
  <rows>30</rows>
  <cols>6</cols>
  <dt>d</dt>
  <data>
    3.8486680698716483e-02 -3.1001318222080437e-02
    -1.5770442276654293e+00 -9.3048326906496391e+02
    4.6734565825217381e+01 1.6041086904103099e+03 1.1137560029938733e-02
    2.4733318673333012e-03 -1.5777598480722965e+00
    -7.0457259914972792e+02 -2.3031795737624344e+02
    1.5075343434590907e+03 8.8674384045165037e-03 1.6565694922015688e-02
    -1.5857766611528501e+00 -3.3057316507976395e+02
    -2.5674510203399927e+02 1.5247941799533812e+03
    -3.4601635543638432e-02 4.4235962894108145e-02
    -1.6145345108036961e+00 2.4596298488844772e+02
    -2.0271615187285437e+02 1.5357822426064629e+03
    -1.3984409640649981e-02 3.8445960002484625e-02
    -1.5884900308717227e+00 6.1216154136080434e+02
    -1.0189023883022026e+02 1.5528123787552879e+03
    -5.2159239455234450e-02 -3.3625649578672812e-02
    -1.5311711948922166e+00 5.8491540868354491e+02
    2.9088012750348287e+02 1.5423670891015597e+03
    -4.1432949262929855e-02 -1.9639443926358097e-02
    -1.5396664471212251e+00 5.8916006246887116e+02
    2.9244259182301744e+02 1.5512798884903989e+03
    -4.4721535956064248e-02 4.2826351153070513e-02
    5.1683922029797718e-04 4.9430891940713951e+02 2.2387417235905809e+02
    1.5807872646629664e+03 -4.9544352311795298e-02
    5.4011339114662743e-02 -1.3260396128874164e-02
    4.9762842513319100e+02 2.0900309065044380e+02 1.5828274400405896e+03
    -7.1694049498321047e-02 -1.0936081246028387e-02
    -1.5244463568179096e-02 1.6654366037330181e+01
    3.8226976033436023e+02 1.5694141034714996e+03
    -8.0279755019691493e-02 -5.6905777061056997e-02
    -1.4497937180108089e-02 -5.9820535594828232e+02
    3.2755064153763101e+02 1.5273579823166208e+03
    -9.7799730200713406e-02 -2.1455193656925043e-02
    8.4223978394246252e-02 -8.5514754284827745e+02
    2.6096302159483827e+02 1.5536738221748867e+03
    -9.1227392019350984e-03 -5.8374394300075381e-03
    1.5828844095051766e+00 -7.2154461176940254e+02
    -1.5874409471794269e+02 1.8865018713811628e+03
    3.6879991422250065e-03 4.4467695465403495e-02 3.0490850083554917e+00
    9.0474208535287744e+02 4.6203759579835889e+02 1.8996715420233033e+03
    1.5991717730361097e-02 7.7895886394978872e-04
    -3.0165404042554895e+00 5.2985936457968205e+02
    -1.0888918695122843e+01 1.9153255262421610e+03
    -9.5183331882128741e-02 1.1018958053819849e+00
    -2.9102431546538745e+00 6.9991476172841124e+02
    -3.1249316964103394e+02 1.5272140859725816e+03
    7.8618158266753257e-01 -4.1830998844744949e-01
    2.6425088255189007e+00 2.4008285203073913e+02 4.9081388141208908e+00
    1.1987761380623310e+03 2.9921691996437344e-01
    -5.5543123408470663e-01 -1.5255069804233139e+00
    -5.6632226207805786e+02 3.9651451461331885e+02
    1.1895844854901366e+03 1.5881668412558031e-01 1.0824681610896800e+00
    2.8322463653714958e+00 5.5699774975576997e+02 4.3088884614656229e+02
    1.1416249642836017e+03 2.0664257033308078e-01 4.0238644273067187e-01
    1.6802267383662912e+00 5.2978412189266203e+02
    -1.1443396610772348e+02 1.2277058189637567e+03
    1.3200695875868290e-01 -9.8670323872644058e-02
    -3.0890330238143151e+00 2.4007716462219926e+02
    1.5123781624028146e+02 1.0815873212685462e+03 2.5782290504484995e-02
    4.0406711603088069e-01 -2.9910575162755886e+00
    2.8967466541220585e+02 -1.3427031090016689e+01
    1.0093547454735980e+03 3.0837410372034491e-01 4.5174718091619409e-01
    -2.9480582590001370e+00 3.2542705347883685e+02
    1.1878197944464354e+01 9.1395254176917899e+02
    -2.3578026292349952e-01 8.0216717442979879e-01
    2.9584713699796255e+00 3.7951827887812357e+02 1.3302433772080056e+02
    7.9987986199549448e+02 -1.7544356646474951e-01
    7.8462509015876158e-01 2.9720857862157271e+00 3.5710180296642511e+02
    1.3498300080523470e+02 8.5771214012777352e+02
    -9.0761863917493413e-01 1.1371094610450569e-01
    3.0037615819562347e+00 3.2995600119792340e+02 1.6367926292747151e+02
    1.1452497445038834e+03 9.3056251070336937e-01
    -5.5140867229963406e-02 -2.9916608037870045e+00
    3.3379314998865976e+02 1.5618345165744805e+02 1.1627308767914717e+03
    8.5656650018502600e-01 -5.9973880729614262e-03
    -3.0004342261055768e+00 2.1280744757555263e+02
    1.4628904568823879e+02 1.2125535472885549e+03 6.7688219326626897e-01
    1.7313171702146690e-02 3.0158797182424362e+00 3.9885918399168821e+02
    1.5847298247973322e+02 1.0869341819502763e+03 7.5251018409969528e-01
    6.3921279169814410e-02 3.0261046469686077e+00 4.1560233593627993e+02
    1.6582780291822044e+02 1.0957459098502932e+03</data></Extrinsic_Parameters>
