<?xml version="1.0"?> 
<opencv_storage> 
<images> 
./camera_3015_4/2017-03-28-211353.jpg
./camera_3015_4/2017-03-28-211357.jpg
./camera_3015_4/2017-03-28-211400.jpg
./camera_3015_4/2017-03-28-211404.jpg
./camera_3015_4/2017-03-28-211414.jpg
./camera_3015_4/2017-03-28-211424.jpg
./camera_3015_4/2017-03-28-211425.jpg
./camera_3015_4/2017-03-28-211439.jpg
./camera_3015_4/2017-03-28-211441.jpg
./camera_3015_4/2017-03-28-211446.jpg
./camera_3015_4/2017-03-28-211449.jpg
./camera_3015_4/2017-03-28-211456.jpg
./camera_3015_4/2017-03-28-211513.jpg
./camera_3015_4/2017-03-28-211522.jpg
./camera_3015_4/2017-03-28-211528.jpg
./camera_3015_4/2017-03-28-211534.jpg
./camera_3015_4/2017-03-28-211538.jpg
./camera_3015_4/2017-03-28-211543.jpg
./camera_3015_4/2017-03-28-211549.jpg
./camera_3015_4/2017-03-28-211557.jpg
./camera_3015_4/2017-03-28-211605.jpg
./camera_3015_4/2017-03-28-211606.jpg
./camera_3015_4/2017-03-28-211619.jpg
./camera_3015_4/2017-03-28-211623.jpg
./camera_3015_4/2017-03-28-211624.jpg
./camera_3015_4/2017-03-28-211632.jpg
./camera_3015_4/2017-03-28-211633.jpg
./camera_3015_4/2017-03-28-211634.jpg
./camera_3015_4/2017-03-28-211635.jpg
./camera_3015_4/2017-03-28-211636.jpg
./camera_3015_4/2017-03-28-211638.jpg
./camera_3015_4/2017-03-28-211640.jpg
./camera_3015_4/2017-03-28-211642.jpg
./camera_3015_4/2017-03-28-211716.jpg
./camera_3015_4/2017-03-28-211719.jpg
./camera_3015_4/2017-03-28-211723.jpg
./camera_3015_4/2017-03-28-211727.jpg
./camera_3015_4/2017-03-28-211731.jpg
./camera_3015_4/2017-03-28-211734.jpg
./camera_3015_4/2017-03-28-211737.jpg
./camera_3015_4/2017-03-28-211740.jpg
./camera_3015_4/2017-03-28-211744.jpg
./camera_3015_4/2017-03-28-211747.jpg
./camera_3015_4/2017-03-28-211752.jpg
./camera_3015_4/2017-03-28-211816.jpg
</images> 
</opencv_storage> 

