<?xml version="1.0"?>
<opencv_storage>
<calibration_Time>"Thu Feb  9 11:40:31 2017"</calibration_Time>
<nrOfFrames>25</nrOfFrames>
<image_Width>1600</image_Width>
<image_Height>1200</image_Height>
<board_Width>9</board_Width>
<board_Height>6</board_Height>
<square_Size>134.</square_Size>
<FixAspectRatio>1.</FixAspectRatio>
<!-- flags:  +fix_aspectRatio +fix_principal_point +zero_tangent_dist -->
<flagValue>14</flagValue>
<Camera_Matrix type_id="opencv-matrix">
  <rows>3</rows>
  <cols>3</cols>
  <dt>d</dt>
  <data>
    1.0977040522365036e+04 0. 7.9950000000000000e+02 0.
    1.0977040522365036e+04 5.9950000000000000e+02 0. 0. 1.</data></Camera_Matrix>
<Distortion_Coefficients type_id="opencv-matrix">
  <rows>5</rows>
  <cols>1</cols>
  <dt>d</dt>
  <data>
    4.2082098169509674e+00 -6.3961403620965132e+02 0. 0.
    -6.6515407767841594e+00</data></Distortion_Coefficients>
<Avg_Reprojection_Error>3.1371475944628030e-01</Avg_Reprojection_Error>
<Per_View_Reprojection_Errors type_id="opencv-matrix">
  <rows>25</rows>
  <cols>1</cols>
  <dt>f</dt>
  <data>
    3.12754542e-01 3.13714087e-01 3.16237956e-01 3.12826544e-01
    3.11289787e-01 3.10722560e-01 3.20587099e-01 3.12860906e-01
    3.15440357e-01 3.14829975e-01 3.13466579e-01 3.15809786e-01
    3.16397458e-01 3.21590960e-01 3.12311113e-01 3.09775352e-01
    3.16293329e-01 3.15924793e-01 3.10930341e-01 3.11422199e-01
    3.10808837e-01 3.06363046e-01 3.12923580e-01 3.16186398e-01
    3.10974926e-01</data></Per_View_Reprojection_Errors>
<!-- a set of 6-tuples (rotation vector + translation vector) for each view -->
<Extrinsic_Parameters type_id="opencv-matrix">
  <rows>25</rows>
  <cols>6</cols>
  <dt>d</dt>
  <data>
    -7.6203203103355445e-03 8.8008238806166136e-02
    -9.6645840194104094e-03 -8.0725387456143267e+02
    -4.4971890074155772e+02 1.3628847429749423e+04
    -7.7549726466926245e-03 8.7677010637597128e-02
    -9.6700566690730884e-03 -8.0727098736552125e+02
    -4.4970617959577805e+02 1.3628772922477678e+04
    -6.9157742508651155e-03 8.8210918196380314e-02
    -9.6823734677407430e-03 -8.0725852259378246e+02
    -4.4973039505331161e+02 1.3627352688567573e+04
    -7.0458665497762059e-03 8.8530569867033920e-02
    -9.6959248048971314e-03 -8.0723950419706625e+02
    -4.4971588571369648e+02 1.3628056170745012e+04
    -8.1611085862782380e-03 8.7665392196300596e-02
    -9.6366606582399903e-03 -8.0725409061661719e+02
    -4.4970555950089147e+02 1.3629068916375711e+04
    -7.6494483065772927e-03 8.7879466845854612e-02
    -9.6739216331480516e-03 -8.0726938852453634e+02
    -4.4970244052695091e+02 1.3628365498515277e+04
    -8.4088624859864850e-03 8.8325419465466973e-02
    -9.6419393828313868e-03 -8.0721370924410371e+02
    -4.4968536598274670e+02 1.3629593237680288e+04
    -7.6137960913545012e-03 8.8414928159696468e-02
    -9.6647290731473618e-03 -8.0721928426545378e+02
    -4.4969135600516262e+02 1.3628136311098144e+04
    -7.8838504091024546e-03 8.8067081750292778e-02
    -9.6739569182194111e-03 -8.0725281841582148e+02
    -4.4967354280865868e+02 1.3629467932486963e+04
    -8.1107409811208789e-03 8.8001367263293079e-02
    -9.6634110624643291e-03 -8.0724291226077423e+02
    -4.4967182029476783e+02 1.3629452606439289e+04
    -7.8773903911062877e-03 8.8116782122515239e-02
    -9.6655902762938818e-03 -8.0725435381397062e+02
    -4.4967565610170800e+02 1.3628884425907463e+04
    -8.1053224169281447e-03 8.8284958893052226e-02
    -9.6603760663265901e-03 -8.0723781157649762e+02
    -4.4966106896158368e+02 1.3629310690475837e+04
    -7.7903175421174149e-03 8.8018588151251811e-02
    -9.6435797969303613e-03 -8.0724501117551097e+02
    -4.4969719087406440e+02 1.3628482582629465e+04
    -7.5786644332783495e-03 8.8207239963806180e-02
    -9.6659562265634397e-03 -8.0724770615086038e+02
    -4.4967967403765687e+02 1.3629006852111304e+04
    -8.1284696511886318e-03 8.7933351744956326e-02
    -9.6476432629879847e-03 -8.0724434012738914e+02
    -4.4967704453662549e+02 1.3628749659747324e+04
    -7.6535731378086667e-03 8.8043188791012986e-02
    -9.6604371152053305e-03 -8.0724400533686196e+02
    -4.4967562830731754e+02 1.3628398105392635e+04
    -8.0571055975250331e-03 8.8098837608299119e-02
    -9.6475693325139660e-03 -8.0724296635016651e+02
    -4.4966395574766426e+02 1.3629305542040516e+04
    -7.8190110185119201e-03 8.7900083011529864e-02
    -9.6463563963864497e-03 -8.0725397799278937e+02
    -4.4967224018294701e+02 1.3628417378707143e+04
    -8.0786061576793907e-03 8.7939252021821609e-02
    -9.6567737223119052e-03 -8.0724536674114938e+02
    -4.4965558613663393e+02 1.3628793548675765e+04
    -8.3120919555129472e-03 8.7937103267425973e-02
    -9.6636193554964188e-03 -8.0724950536208542e+02
    -4.4965890593894568e+02 1.3629253084230229e+04
    -7.9510781525789567e-03 8.7873858873775815e-02
    -9.6668889064216567e-03 -8.0726011577624763e+02
    -4.4966050091633286e+02 1.3628918439109590e+04
    -8.2614768259890881e-03 8.8096393447090346e-02
    -9.6697973075576659e-03 -8.0724465426325401e+02
    -4.4964375715700203e+02 1.3629191313134683e+04
    -7.9657444135706971e-03 8.8146648125080898e-02
    -9.6585914031481358e-03 -8.0724330319430885e+02
    -4.4965199750501438e+02 1.3628727197844719e+04
    -7.5370762136466318e-03 8.8185727106571313e-02
    -9.6667627641737353e-03 -8.0724107969596707e+02
    -4.4965358979529975e+02 1.3628550464170052e+04
    -8.1469977703799087e-03 8.7886593706618624e-02
    -9.6574741148291957e-03 -8.0725758308315608e+02
    -4.4964926514145395e+02 1.3629338949911722e+04</data></Extrinsic_Parameters>
