<?xml version="1.0"?>
<opencv_storage>
<contours type_id="opencv-sequence">
  <flags>"closed hole curve"</flags>
  <count>12</count>
  <dt>"2i"</dt>
  <color>0</color>
  <data>
    314 118 501 305 688 117 882 310 696 498 882 684 688 878 501 692 314
    879 121 687 307 499 120 313</data></contours>
</opencv_storage>
