<?xml version="1.0"?>
<opencv_storage>
<calibration_Time>"Fri 17 Mar 2017 10:09:31 PM EDT"</calibration_Time>
<nrOfFrames>30</nrOfFrames>
<image_Width>1600</image_Width>
<image_Height>1200</image_Height>
<board_Width>9</board_Width>
<board_Height>6</board_Height>
<square_Size>52.</square_Size>
<flagValue>0</flagValue>
<Camera_Matrix type_id="opencv-matrix">
  <rows>3</rows>
  <cols>3</cols>
  <dt>d</dt>
  <data>
    1.2885168223247017e+03 0. 8.1632388365022700e+02 0.
    1.2929101434164884e+03 5.5646533197758254e+02 0. 0. 1.</data></Camera_Matrix>
<Distortion_Coefficients type_id="opencv-matrix">
  <rows>5</rows>
  <cols>1</cols>
  <dt>d</dt>
  <data>
    4.7906216444913330e-02 -1.9938831834221368e-01
    -2.0325984570090574e-03 2.0442182025216544e-03
    9.0990856927074176e-02</data></Distortion_Coefficients>
<Avg_Reprojection_Error>3.4663720899158751e-01</Avg_Reprojection_Error>
<Per_View_Reprojection_Errors type_id="opencv-matrix">
  <rows>30</rows>
  <cols>1</cols>
  <dt>f</dt>
  <data>
    1.62242621e-01 1.75171703e-01 1.91100374e-01 1.46987826e-01
    2.09501952e-01 1.75125107e-01 2.29337707e-01 2.16498807e-01
    2.38266587e-01 1.79202974e-01 3.73350173e-01 2.36474887e-01
    2.28340119e-01 2.42080852e-01 2.21633583e-01 2.99106658e-01
    2.76460230e-01 2.61620909e-01 4.08982992e-01 2.18430370e-01
    3.84611070e-01 4.76021618e-01 2.02198118e-01 7.73036540e-01
    7.67259955e-01 2.71300048e-01 1.59777224e-01 5.43615460e-01
    3.42872471e-01 5.55239260e-01</data></Per_View_Reprojection_Errors>
<!-- a set of 6-tuples (rotation vector + translation vector) for each view -->
<Extrinsic_Parameters type_id="opencv-matrix">
  <rows>30</rows>
  <cols>6</cols>
  <dt>d</dt>
  <data>
    5.8262058917626074e-03 -4.5921729928061962e-02
    1.4905119152778260e-02 -1.0975071639440130e+03
    1.9561505633286021e+02 1.8952794002755415e+03 2.1856372471005751e-02
    -4.3915946465521452e-02 1.4131318483111471e-02
    -1.0825912601560456e+03 -3.9277430619905232e+02
    1.8867573280455949e+03 4.0698814439445929e-03
    -1.6254222273170364e-02 2.4971761879881510e-02
    -4.1298265592135766e+02 2.0898409775066878e+02
    1.9182025066615033e+03 2.2127640954507158e-02
    -1.1870405985243327e-02 1.2168327267538255e-02
    -2.5569984035057567e+02 -3.6976010195233016e+02
    1.9114938329318261e+03 9.9668256627949894e-03
    -3.6177114147308343e-03 2.1758163387563412e-02
    5.6484940592524651e+02 -3.4711241716484210e+02
    1.9184105193882720e+03 -2.9758103256001902e-03
    1.6110326142335567e-03 2.7690096673991093e-02 5.4977652991621733e+02
    2.3310282779869667e+02 1.9237205476233812e+03
    -3.5633180197783210e-01 -4.3871742815494008e-01
    -1.4751564934470851e+00 -6.6127713571054460e+02
    3.1161411361361877e+02 1.6332652715969459e+03
    -2.0221530519600940e-02 -4.2869517193563922e-01
    -1.6064648585019797e-01 -1.9050004457954458e+02
    5.9713206872446342e+01 1.6960354257664414e+03
    -9.4435684135943776e-02 -1.1737735638933099e-01
    -1.5415330196118893e+00 7.0084714197398171e+02
    3.3937567756887347e+02 1.8435266185345017e+03 1.4001347740149289e-01
    3.8989871813496019e-01 -6.5629003345998349e-01
    4.5644589441187668e+02 -3.1151766912762959e+01
    1.8825537832256002e+03 5.3436479830889039e-01 5.3089010406635717e-01
    -1.4942166226247053e+00 -3.0209324015676555e+02
    1.6452403715664312e+02 1.8696522043464597e+03 4.8957247445238572e-01
    -2.0316722166306578e-02 -3.0134544429027688e-01
    -9.8880703829502568e+02 -2.3474233817317645e+02
    1.7063095942319098e+03 1.3178809653609883e-01
    -3.3983949110188504e-02 -1.5195170686668837e-02
    -6.8193197437301774e+02 -5.3489636599462312e+02
    1.4329355207290712e+03 4.0402030919588584e-02 4.5074445947156760e-02
    6.2064112539815704e-04 4.3996584972710662e+02
    -5.7195465002674825e+02 1.4854750764446073e+03
    8.6950911637630898e-02 6.2357228040753700e-02 1.5918293395827969e+00
    8.9707087488240359e+02 -1.4214252854785178e+02
    1.5645634884738288e+03 -6.2045675081269999e-02
    -1.6063440215751779e-01 -3.1341007050052148e+00
    9.1334172894384869e+02 7.2939813958056027e+02 1.5523507844307483e+03
    -1.0760980556090115e-02 1.5132772201354769e-01
    3.1101842514113183e+00 -7.2981574206595980e+01
    7.0058281470844349e+02 1.5397180563177778e+03 3.6491230011534752e-02
    -2.7694246067082248e-02 -1.5700259067340969e+00
    -9.3354235513231265e+02 3.2012158022887331e+02
    1.5839012329309915e+03 -2.1448381253803717e-01
    -2.6474762309665667e-01 -4.1004092711800050e-01
    -3.5053684134077025e+02 2.9342964729582263e+01
    8.4863277164002147e+02 -2.3803228200539919e-01
    8.0024184454912647e-02 -8.5713628579924772e-01
    -7.9580666823687869e+00 3.0349816316841793e+02
    1.3002736808119480e+03 -2.2888663713105586e-01
    -1.9960348306668811e-02 -1.1144276850054682e+00
    -2.0702238326826071e+02 2.1489372199948528e+02
    8.4118175291386456e+02 -2.5644510653126407e-01
    4.2532703589960130e-01 -2.5794487291293091e+00
    1.0179869511841606e+02 2.3956422765024473e+02 6.9745812971526459e+02
    3.1803554006235407e-01 1.1838584416495417e-01 2.1291376078896698e+00
    8.4784262613649037e+02 -5.1790690418326349e+01
    1.5027940091517537e+03 5.4329859106649825e-01 7.2042972821632889e-01
    1.8716544456444275e+00 5.0783127857914883e+02
    -4.8644339742721890e+01 1.0230143465208241e+03
    -1.2829557242934002e+00 3.8941484097252754e-01
    2.2903678429644518e+00 -6.8444339241446869e+01
    2.5575874801010599e+02 1.2457407969906237e+03 2.6277499948584054e-01
    5.4819315272129653e-02 2.4740033845436931e+00 1.6755612399893960e+02
    1.2918459018409399e+02 1.7279411310102096e+03 3.3646715522855030e-03
    -1.3915563114444638e-02 1.6065777022488461e+00
    6.3090316066455989e+02 -2.3107714284564335e+02
    1.9202186099221926e+03 8.2891828324213868e-01 8.1512103620663123e-01
    1.4041344728747163e+00 5.2682025673354815e+02
    -1.9061079984672199e+02 1.5651056488458846e+03
    4.3197478311866511e-01 -8.7145130212914457e-01
    8.6546983407796985e-01 1.6707069253359390e+02
    -3.2944189413156028e+02 1.4718832168419731e+03
    1.4634738693156568e+00 7.7345926198493370e-02
    -2.7220702876498115e+00 -5.8716279738275972e+01
    1.8379683212331884e+02 1.8567729782309132e+03</data></Extrinsic_Parameters>
