<?xml version="1.0"?> 
<opencv_storage> 
<images> 
./camera_3109_3/2017-03-17-214401.jpg
./camera_3109_3/2017-03-17-214423.jpg
./camera_3109_3/2017-03-17-214434.jpg
./camera_3109_3/2017-03-17-214440.jpg
./camera_3109_3/2017-03-17-214451.jpg
./camera_3109_3/2017-03-17-214456.jpg
./camera_3109_3/2017-03-17-214503.jpg
./camera_3109_3/2017-03-17-214512.jpg
./camera_3109_3/2017-03-17-214528.jpg
./camera_3109_3/2017-03-17-214536.jpg
./camera_3109_3/2017-03-17-214540.jpg
./camera_3109_3/2017-03-17-214548.jpg
./camera_3109_3/2017-03-17-214608.jpg
./camera_3109_3/2017-03-17-214634.jpg
./camera_3109_3/2017-03-17-214658.jpg
./camera_3109_3/2017-03-17-214754.jpg
./camera_3109_3/2017-03-17-214813.jpg
./camera_3109_3/2017-03-17-214832.jpg
./camera_3109_3/2017-03-17-215029.jpg
./camera_3109_3/2017-03-17-215046.jpg
./camera_3109_3/2017-03-17-215057.jpg
./camera_3109_3/2017-03-17-215111.jpg
./camera_3109_3/2017-03-17-215140.jpg
./camera_3109_3/2017-03-17-215155.jpg
./camera_3109_3/2017-03-17-215159.jpg
./camera_3109_3/2017-03-17-215202.jpg
./camera_3109_3/2017-03-17-215207.jpg
./camera_3109_3/2017-03-17-215213.jpg
./camera_3109_3/2017-03-17-215221.jpg
./camera_3109_3/2017-03-17-215227.jpg
./camera_3109_3/2017-03-17-215243.jpg
./camera_3109_3/2017-03-17-215250.jpg
</images> 
</opencv_storage> 

