<?xml version="1.0"?>
<opencv_storage>
<calibration_Time>"Sun 02 Apr 2017 03:24:46 PM EDT"</calibration_Time>
<nrOfFrames>30</nrOfFrames>
<image_Width>1600</image_Width>
<image_Height>1200</image_Height>
<board_Width>9</board_Width>
<board_Height>6</board_Height>
<square_Size>52.</square_Size>
<flagValue>0</flagValue>
<Camera_Matrix type_id="opencv-matrix">
  <rows>3</rows>
  <cols>3</cols>
  <dt>d</dt>
  <data>
    1.2990829539699646e+03 0. 8.0792695755301725e+02 0.
    1.3027280934129481e+03 5.7685399565241289e+02 0. 0. 1.</data></Camera_Matrix>
<Distortion_Coefficients type_id="opencv-matrix">
  <rows>5</rows>
  <cols>1</cols>
  <dt>d</dt>
  <data>
    5.9356499330644047e-02 -2.8678853791076092e-01
    1.3808877801906253e-03 4.1200619965391276e-03 1.8263705302409708e-01</data></Distortion_Coefficients>
<Avg_Reprojection_Error>4.2091245347806833e-01</Avg_Reprojection_Error>
<Per_View_Reprojection_Errors type_id="opencv-matrix">
  <rows>30</rows>
  <cols>1</cols>
  <dt>f</dt>
  <data>
    1.91210449e-01 2.10716769e-01 3.02445948e-01 1.84017882e-01
    3.10655713e-01 4.14166421e-01 4.23305064e-01 2.44869679e-01
    2.08129942e-01 3.93947303e-01 4.09379900e-01 4.16218013e-01
    1.51140124e-01 1.69784531e-01 1.92020878e-01 3.02923679e-01
    5.88962436e-01 3.27554464e-01 1.11465812e+00 4.53834891e-01
    2.79438466e-01 1.68684170e-01 3.02249968e-01 2.11201519e-01
    2.89300978e-01 3.94999802e-01 4.68457431e-01 3.10177922e-01
    8.04320037e-01 7.31075525e-01</data></Per_View_Reprojection_Errors>
<!-- a set of 6-tuples (rotation vector + translation vector) for each view -->
<Extrinsic_Parameters type_id="opencv-matrix">
  <rows>30</rows>
  <cols>6</cols>
  <dt>d</dt>
  <data>
    2.0756911911487031e-02 -6.5140064026209782e-02
    1.9351031233768218e-02 -1.0843564971830965e+03
    1.6306392377822701e+02 1.9008364545923316e+03 2.3575026147514885e-02
    -5.5324083222840159e-02 -6.2946084866061014e-02
    -9.4157961483155771e+02 8.8853199451338554e+01
    1.5755840290936003e+03 2.1317628933875617e-02
    -4.6661536017830810e-02 -3.5244410220554523e-02
    -9.4862037842353277e+02 4.5795735299699589e+02
    1.5845468632443274e+03 2.8408407047914939e-02 1.3732438407465585e-02
    -2.9697044138424094e-02 -2.7567362356313720e+02
    4.6223467105977949e+02 1.5997112984521718e+03
    -6.2740171116028804e-03 9.1727616096712577e-03
    -7.6723078748193826e-02 4.6956615880942866e+02
    4.4296939841246626e+02 1.6147062717469223e+03 1.9377971053019676e-02
    -9.3627086544978682e-03 -1.6053926248125632e+00
    6.0869511625624943e+02 4.7213341003366406e+02 1.5527688240280620e+03
    2.3322849550744221e-02 7.1274493359415825e-02
    -1.6126329052410320e+00 6.3607216306367968e+02
    -1.9657567035527217e+02 1.5846820179075726e+03
    5.8727252232228494e-02 -3.1249660637006089e-02
    3.0963153742406697e+00 8.7190751783221356e+02
    -3.7387596089134041e+02 1.5603412471993838e+03
    4.0898972622729200e-02 -1.6305380404350919e-02
    3.0602948452872472e+00 4.6623097350654410e+02
    -3.7538765250992725e+02 1.5570375256883326e+03
    -3.3087243576399444e-02 -1.0066156962499669e-01
    3.1089793517314717e+00 -3.0000523005978778e+02
    -3.6793210540840386e+02 1.5844408284779986e+03
    -2.0656920834404895e-02 -8.5299763082494595e-02
    3.0483318341790988e+00 -4.8723864575065477e+02
    -3.4198334719943711e+02 1.5823998588423660e+03
    4.3164585035645978e-02 -6.9065992869572670e-02
    1.5238009349485744e+00 -6.9370962352318452e+02
    -2.9410845535221557e+02 1.6122375003726961e+03
    3.1297273484452208e-02 8.8596535655389077e-03
    -2.7576009319952514e-02 4.2478966425946243e+02
    -1.0116792944428121e+02 1.9399274453713761e+03
    1.7098036383721472e-02 -1.5743926637190705e-02
    9.1210901871087835e-01 6.1155464686841697e+01
    -2.7979666627432027e+02 1.9369298619756971e+03
    -3.2716115519803341e-03 -4.1362713459042910e-02
    1.8186218831788665e+00 -6.2855524319049721e+02
    -1.8143940135079330e+02 1.9360752978718522e+03
    -1.6947408261596336e-01 -3.2936363861268131e-01
    1.5259185366704731e+00 -3.2275929424440761e+02
    -2.6409418395527240e+02 1.3536709572905479e+03
    6.9048132687057573e-01 5.7846119745381189e-02 3.4826484023750548e-02
    -1.3180763409471632e+02 -4.1903587821673921e+02
    1.2217083047639476e+03 -2.7138950583859296e-02
    5.3620452644236560e-01 -5.0649003419360372e-01
    2.6952133159434172e+01 -3.8155862108124090e+01
    1.3066102116712584e+03 -6.5368810348959294e-01
    -3.0083878689930239e-02 -1.3593614847590704e-01
    -2.4615665711655740e+02 -5.1355955575809418e+01
    9.5664606318483834e+02 1.9729975843445341e-01
    -7.5202083478984771e-01 3.4721824721923145e-01
    -3.6913661774792695e+02 -3.6948040021378660e+02
    1.5467861138046615e+03 2.8821307311481065e-01 6.3007963165906222e-01
    -7.5781967437359177e-01 3.5484075054798654e+02
    -2.3416207097051125e+02 1.8800834294501742e+03
    -7.0336688713874662e-01 -3.1008604141162138e-01
    -2.1869790237020026e+00 2.1565332187380406e+02
    3.3410085898554263e+02 1.6176333523852634e+03 6.8472005210825770e-01
    2.8128740401046387e-01 -2.4443479105367758e+00
    -4.0860197725705763e+02 9.9977188887653014e+01
    1.9056375825230937e+03 -7.2920274611619473e-01
    -1.2634320060224946e-01 -2.6090687833843687e+00
    4.8629829120785695e+02 2.3530007025278886e+02 1.6536859073784556e+03
    4.7966469816200885e-01 -4.4424525506341067e-01
    1.5277516320076965e+00 1.8526249677417073e+02
    -4.6183114783961969e+02 1.6334719386913548e+03
    -5.3327529428971876e-01 -7.3674994700524155e-01
    1.6826445804600747e+00 -2.2092077634450317e+02
    -2.8581955094531804e+02 1.8630623107062106e+03
    7.7432881224484396e-01 5.0996348470319697e-01 1.1751770822203349e+00
    5.5704533514533318e+02 -3.2608267479655149e+02
    1.6189952400929874e+03 6.5525445174666763e-01
    -6.8600437707960726e-01 1.4007917401103365e+00
    2.4692505380069812e+02 -5.1632583081728490e+02
    1.5158241539687360e+03 -5.3106614211077474e-01
    6.8158643235037708e-01 1.2551871685025686e+00 2.7762615040385901e+02
    1.1270655432182150e+02 1.8480479213210867e+03
    -4.2542110009760369e-03 -4.9482383928628138e-02
    1.1214521534855802e-02 -2.3185273769174742e+02
    -8.8037215034190538e+01 5.3549939857896663e+02</data></Extrinsic_Parameters>
