<?xml version="1.0"?>
<opencv_storage>
<calibration_Time>"Sun 02 Apr 2017 05:19:50 PM EDT"</calibration_Time>
<nrOfFrames>30</nrOfFrames>
<image_Width>1600</image_Width>
<image_Height>1200</image_Height>
<board_Width>9</board_Width>
<board_Height>6</board_Height>
<square_Size>52.</square_Size>
<flagValue>0</flagValue>
<Camera_Matrix type_id="opencv-matrix">
  <rows>3</rows>
  <cols>3</cols>
  <dt>d</dt>
  <data>
    1.3021784154641239e+03 0. 8.0728244621055205e+02 0.
    1.3059698646403133e+03 5.7483641313264980e+02 0. 0. 1.</data></Camera_Matrix>
<Distortion_Coefficients type_id="opencv-matrix">
  <rows>5</rows>
  <cols>1</cols>
  <dt>d</dt>
  <data>
    6.4414119128468159e-02 -3.0278105591545562e-01
    1.2220356643964591e-03 4.0072110303966740e-03 1.9716726333564863e-01</data></Distortion_Coefficients>
<Avg_Reprojection_Error>4.3429624134663519e-01</Avg_Reprojection_Error>
<Per_View_Reprojection_Errors type_id="opencv-matrix">
  <rows>30</rows>
  <cols>1</cols>
  <dt>f</dt>
  <data>
    2.07556963e-01 3.02709699e-01 1.84465572e-01 3.13333571e-01
    4.09674913e-01 4.26307708e-01 2.37989306e-01 2.07658201e-01
    4.02131110e-01 4.14845139e-01 4.18959320e-01 1.49696693e-01
    1.67751431e-01 1.94836438e-01 2.88670361e-01 5.80729783e-01
    3.32084507e-01 1.11728299e+00 4.50952709e-01 2.93320537e-01
    1.65123582e-01 2.98897922e-01 2.07622364e-01 2.90965289e-01
    3.88450623e-01 4.60233539e-01 3.13425511e-01 8.04034591e-01
    7.41504788e-01 6.11644089e-01</data></Per_View_Reprojection_Errors>
<!-- a set of 6-tuples (rotation vector + translation vector) for each view -->
<Extrinsic_Parameters type_id="opencv-matrix">
  <rows>30</rows>
  <cols>6</cols>
  <dt>d</dt>
  <data>
    2.2831710973856754e-02 -5.4377396516060016e-02
    -6.3150817865328127e-02 -9.4087426312949538e+02
    9.1426317022466932e+01 1.5808605279045598e+03 2.0433868335415724e-02
    -4.6128769328589794e-02 -3.5557317449838748e-02
    -9.4785665749001362e+02 4.6058904847631186e+02
    1.5895774992992099e+03 2.8756647481428175e-02 1.4212633286428234e-02
    -2.9787327684543244e-02 -2.7487346383494781e+02
    4.6470956694914389e+02 1.6041374511656047e+03
    -7.3472671754060701e-03 1.0127099104327684e-02
    -7.6678738265316876e-02 4.7047210782596500e+02
    4.4551816976535378e+02 1.6194049670672887e+03 1.8192347240549273e-02
    -9.6046023739407363e-03 -1.6052180792752566e+00
    6.0954664762341281e+02 4.7456897277092446e+02 1.5570387169001217e+03
    2.2013731871435311e-02 7.0845314756392913e-02
    -1.6123319188095975e+00 6.3692827901875307e+02
    -1.9409362178753918e+02 1.5893242983827110e+03
    5.9472209402949748e-02 -2.9032351605490798e-02
    3.0966574839572036e+00 8.7276456263898604e+02
    -3.7130895155293933e+02 1.5649103412626705e+03
    4.0806238279419885e-02 -1.2927532375997400e-02
    3.0604678144612780e+00 4.6702579119657236e+02
    -3.7289475793761721e+02 1.5613702898617669e+03
    -3.0992289734699099e-02 -9.7605865437910333e-02
    3.1089739449386000e+00 -2.9918306721796995e+02
    -3.6541992071935465e+02 1.5889892782777804e+03
    -1.8799815245722776e-02 -8.2625468284238571e-02
    3.0482023417854034e+00 -4.8640997841509073e+02
    -3.3946782476163139e+02 1.5872102691281125e+03
    4.3273640455085069e-02 -6.7249937656771730e-02
    1.5235559449462581e+00 -6.9297736228850465e+02
    -2.9155310108547758e+02 1.6175610021100233e+03
    3.0786938849690741e-02 8.2700004645758947e-03
    -2.7489299298416866e-02 4.2583482902748676e+02
    -9.8161652495143301e+01 1.9452353791280811e+03
    1.6901295527324112e-02 -1.5426079912162107e-02
    9.1210590504298505e-01 6.2122293151458834e+01
    -2.7678981616011521e+02 1.9418596056173521e+03
    -2.4927905943789488e-03 -3.9429279254011476e-02
    1.8184555497445682e+00 -6.2766288188518956e+02
    -1.7841502442937650e+02 1.9419806656984333e+03
    -1.6896701408686196e-01 -3.2769245193039331e-01
    1.5261334332030780e+00 -3.2209243798814884e+02
    -2.6198864136052640e+02 1.3576563129102460e+03
    6.8867062187786610e-01 5.8228863879798073e-02 3.4738014325476373e-02
    -1.3116973448731812e+02 -4.1715081594360277e+02
    1.2255174710433741e+03 -2.8966547406785753e-02
    5.3594318232404448e-01 -5.0671853058478855e-01
    2.7602128236866978e+01 -3.6169795876826704e+01
    1.3098239113936424e+03 -6.5533128696150178e-01
    -2.9673442299989260e-02 -1.3576823289520029e-01
    -2.4568231312637118e+02 -4.9862896188915983e+01
    9.5920266427041793e+02 1.9569634696181065e-01
    -7.5101513790861052e-01 3.4767034798552804e-01
    -3.6842191116786739e+02 -3.6708539007638046e+02
    1.5516750082506323e+03 2.8639092008128703e-01 6.2899298464989095e-01
    -7.5804529441190882e-01 3.5573969170650207e+02
    -2.3124294543716377e+02 1.8849531796189924e+03
    -7.0475837716065315e-01 -3.1190368974059784e-01
    -2.1866536449558445e+00 2.1644576970795427e+02
    3.3656598242106287e+02 1.6216060083281454e+03 6.8267642748659463e-01
    2.7905866707331645e-01 -2.4450673534656797e+00
    -4.0760616817610668e+02 1.0296280951234979e+02
    1.9104611173779833e+03 -7.3037891240523611e-01
    -1.2886879627772677e-01 -2.6088561742559975e+00
    4.8709640480764511e+02 2.3784434348026878e+02 1.6578563317692131e+03
    4.7870174379907177e-01 -4.4260231795079730e-01
    1.5279457836314962e+00 1.8609884974519690e+02
    -4.5927560288614978e+02 1.6381558317216243e+03
    -5.3384146248457565e-01 -7.3465122716337805e-01
    1.6833485821609790e+00 -2.2003272044205065e+02
    -2.8294712862115188e+02 1.8681630993979113e+03
    7.7246157779237712e-01 5.1098021873406496e-01 1.1750454772435783e+00
    5.5813323097054956e+02 -3.2361242683271047e+02
    1.6243573210288157e+03 6.5407529138506781e-01
    -6.8425523506370323e-01 1.4012805929923675e+00
    2.4772980964457059e+02 -5.1397824032420260e+02
    1.5205088253706549e+03 -5.3206442861677294e-01
    6.8307538380076716e-01 1.2548721064981476e+00 2.7854592238873579e+02
    1.1555495832673502e+02 1.8526072106578883e+03
    -4.3631995074669113e-03 -4.9035473669169473e-02
    1.1232695021369638e-02 -2.3158671428088184e+02
    -8.7191518837255174e+01 5.3713712061337731e+02
    -4.2158921398350652e-01 -5.6748504302904734e-01
    2.1908942380376963e+00 -2.5645940924710675e+02
    -1.1369809211118368e+02 1.8907696599879898e+03</data></Extrinsic_Parameters>
