<?xml version="1.0"?> 
<opencv_storage> 
<images> 
./camera_3109_2/2017-04-02-151139.jpg
./camera_3109_2/2017-04-02-151157.jpg
./camera_3109_2/2017-04-02-151204.jpg
./camera_3109_2/2017-04-02-151214.jpg
./camera_3109_2/2017-04-02-151229.jpg
./camera_3109_2/2017-04-02-151241.jpg
./camera_3109_2/2017-04-02-151249.jpg
./camera_3109_2/2017-04-02-151252.jpg
./camera_3109_2/2017-04-02-151307.jpg
./camera_3109_2/2017-04-02-151332.jpg
./camera_3109_2/2017-04-02-151350.jpg
./camera_3109_2/2017-04-02-151357.jpg
./camera_3109_2/2017-04-02-151404.jpg
./camera_3109_2/2017-04-02-151408.jpg
./camera_3109_2/2017-04-02-151414.jpg
./camera_3109_2/2017-04-02-151422.jpg
./camera_3109_2/2017-04-02-151430.jpg
./camera_3109_2/2017-04-02-151434.jpg
./camera_3109_2/2017-04-02-151438.jpg
./camera_3109_2/2017-04-02-151444.jpg
./camera_3109_2/2017-04-02-151455.jpg
./camera_3109_2/2017-04-02-151502.jpg
./camera_3109_2/2017-04-02-151510.jpg
./camera_3109_2/2017-04-02-151517.jpg
./camera_3109_2/2017-04-02-151520.jpg
./camera_3109_2/2017-04-02-151525.jpg
./camera_3109_2/2017-04-02-151528.jpg
./camera_3109_2/2017-04-02-151532.jpg
./camera_3109_2/2017-04-02-151548.jpg
./camera_3109_2/2017-04-02-151609.jpg
./camera_3109_2/2017-04-02-151612.jpg
./camera_3109_2/2017-04-02-151624.jpg
./camera_3109_2/2017-04-02-151628.jpg
</images> 
</opencv_storage> 

