<?xml version="1.0"?>
<opencv_storage>
<calibration_Time>"Thu 06 Apr 2017 07:01:50 PM EDT"</calibration_Time>
<nrOfFrames>37</nrOfFrames>
<image_Width>1600</image_Width>
<image_Height>1200</image_Height>
<board_Width>9</board_Width>
<board_Height>6</board_Height>
<square_Size>134.</square_Size>
<FixAspectRatio>1.</FixAspectRatio>
<!-- flags:  +fix_aspectRatio +fix_principal_point +zero_tangent_dist -->
<flagValue>14</flagValue>
<Camera_Matrix type_id="opencv-matrix">
  <rows>3</rows>
  <cols>3</cols>
  <dt>d</dt>
  <data>
    1.2188138492213789e+03 0. 7.9950000000000000e+02 0.
    1.2188138492213789e+03 5.9950000000000000e+02 0. 0. 1.</data></Camera_Matrix>
<Distortion_Coefficients type_id="opencv-matrix">
  <rows>5</rows>
  <cols>1</cols>
  <dt>d</dt>
  <data>
    -2.1921396184412852e-02 -1.5172744918082851e-01 0. 0.
    1.1275581846403562e-01</data></Distortion_Coefficients>
<Avg_Reprojection_Error>5.3912673201748917e-01</Avg_Reprojection_Error>
<Per_View_Reprojection_Errors type_id="opencv-matrix">
  <rows>37</rows>
  <cols>1</cols>
  <dt>f</dt>
  <data>
    4.05687571e-01 3.48811299e-01 5.33132374e-01 3.95983726e-01
    5.87562501e-01 6.05601370e-01 5.31967163e-01 7.24116206e-01
    4.10059482e-01 3.28518718e-01 1.98755071e-01 3.84277612e-01
    3.17730695e-01 3.55894834e-01 4.96634215e-01 7.16386735e-01
    8.64590108e-01 1.17143893e+00 8.17739606e-01 5.71488917e-01
    2.04479814e-01 5.40131629e-01 5.08018076e-01 5.62257707e-01
    3.03225279e-01 3.89821470e-01 5.81619799e-01 8.06601346e-01
    2.03118667e-01 9.01589155e-01 6.56875193e-01 2.03412607e-01
    1.99715570e-01 2.51109272e-01 2.63602167e-01 3.60806346e-01
    4.14460331e-01</data></Per_View_Reprojection_Errors>
<!-- a set of 6-tuples (rotation vector + translation vector) for each view -->
<Extrinsic_Parameters type_id="opencv-matrix">
  <rows>37</rows>
  <cols>6</cols>
  <dt>d</dt>
  <data>
    8.6482850513235246e-02 1.7814694124279211e-02
    -1.5818340354951741e+00 -1.4740835359875869e+03
    5.8399025350274258e+02 3.8652083609433230e+03
    -7.7004072322292366e-02 -5.5765540312719943e-02
    -1.6201056954862298e+00 -1.1950761514264505e+03
    6.2441365170883910e+02 3.7558603595883965e+03
    -2.2869669647796916e-02 6.1808428514804080e-02
    -1.6574147014959169e+00 -7.8665881697065129e+02
    7.1407269305703119e+02 3.6145002854861609e+03
    -2.5221783235067085e-02 6.5235912583940419e-03
    -1.6651955464181065e+00 -5.9915701018628101e+02
    7.4232527837343480e+02 3.6329666365808339e+03
    -1.7350877778720110e-02 -4.0332368192527758e-02
    -1.6171679336721245e+00 -4.8169748480866309e+02
    6.9159324271979199e+02 3.5836048295305736e+03 5.0200277639175041e-02
    -4.4684968505229405e-02 -1.6599219988883465e+00
    -1.6833531588043149e+02 6.3876228117270853e+02
    3.5171063745610140e+03 3.4094568892000861e-02
    -1.7592468751149660e-02 -1.6596794611265293e+00
    2.1109659689458377e+02 5.5847326085436453e+02 3.4726502446868212e+03
    5.3933622881672028e-02 9.7426626999218974e-03
    -1.6520204188309799e+00 5.0790575847125166e+02
    5.6319107965094997e+02 3.4541313536943985e+03 3.1429687530122756e-02
    3.3710789626211130e-02 -1.6157337706454362e+00
    8.8128558893325328e+02 6.0470501289273250e+02 3.5149537646778772e+03
    8.5666648230920772e-04 7.2900154010617058e-02
    -1.6097232731411182e+00 1.2733794701036286e+03
    5.1510351000405080e+02 3.5692929239581954e+03 7.0387123401423793e-02
    -3.2513153490624405e-02 -1.5966204862963695e+00
    -2.5146372445190268e+03 3.3931552716437301e+02
    4.5836810407781404e+03 -3.7194210061715693e-02
    7.5229821707333722e-02 -1.5343200372420793e+00
    1.5851938767727349e+03 4.6004447537274001e+02 3.5083069007414433e+03
    -2.7576471383816692e-02 1.0619806580536359e-01
    -1.5637425574650163e+00 1.5473322379230124e+03
    -2.1321304673763919e+01 3.5401971235813994e+03
    -8.6800496559715484e-03 9.8012982710078578e-02
    -1.5757876645722113e+00 1.5118280585318300e+03
    -1.7206834635587586e+02 3.5102157811001989e+03
    1.5660768384750948e-02 1.0009080374333684e-01
    -1.6243207574012783e+00 1.2961172666175578e+03
    -1.7401581535054808e+02 3.5038714340476076e+03
    5.2477418317775568e-02 9.8280308916230075e-02
    -1.6565426099980931e+00 8.7226027099980854e+02
    -9.5528386012628616e+01 3.4726533224556424e+03
    5.0146803134768263e-02 9.8609268733772543e-02
    -1.6310219074909909e+00 4.2846065247338015e+02
    -8.2962609838998944e+01 3.5066027534542286e+03
    -9.4346855437168961e-03 1.1989922012008508e-01
    -1.6128369418460786e+00 -8.4563327133578184e+01
    -2.8131941983650016e+01 3.5054625251810562e+03
    -2.8637417942966939e-03 6.1793367838952819e-02
    -1.6208848017284658e+00 -5.8678155433088682e+02
    -2.0242677079751861e+01 3.4834784670818858e+03
    1.0899136893541399e-02 3.2192117358813402e-02
    -1.5898787459152961e+00 -9.9777635242810561e+02
    -1.9131244518138075e+01 3.4546345155047129e+03
    7.0609900699925357e-02 -3.1942217326170676e-02
    -1.5963962684156818e+00 -2.5146495929543821e+03
    3.3901791302571434e+02 4.5837378536030501e+03 4.2544394112108537e-02
    2.1719761004190198e-03 -1.5750028871154209e+00
    -1.5550171742178543e+03 -2.9171834420310461e+01
    3.4148002072564873e+03 7.9960300107291424e-02
    -8.0010095687948507e-02 -1.6321153408476161e+00
    -2.0939905082629703e+03 -1.1812478726134810e+01
    3.3836571430612285e+03 3.1930676273091529e-01
    -2.4356407445537087e-01 -1.6058679078540674e+00
    -2.0907384746000166e+03 5.2658544958104608e+02
    3.4482743980947134e+03 2.4994843184640170e-01
    -2.3089695503355986e-01 -1.6129656261107508e+00
    -1.9526833682998579e+03 7.6635443547373643e+02
    3.4028855021760346e+03 8.3210176621348164e-02
    -7.7524009518621040e-02 -1.6228835109353326e+00
    -1.4354618771028363e+03 1.1149587866525117e+03
    3.4607072124200936e+03 -9.0266142807691758e-03
    -6.5277222453645487e-03 -1.6189184906958818e+00
    -8.7595423677765007e+02 1.1293218918440975e+03
    3.5150458078259367e+03 -4.3355307120951890e-02
    3.7852823475996875e-02 -1.6054292543368958e+00
    -3.3131394481060101e+02 1.1546899916348118e+03
    3.5492069018309949e+03 7.0456827645517639e-02
    -3.2270798667637102e-02 -1.5965463474757571e+00
    -2.5145532390495987e+03 3.3905049917046091e+02
    4.5835569890840015e+03 -5.5021958183853414e-02
    1.0673235176988909e-02 -1.6039472830804509e+00
    3.8641007026510465e+02 1.1926385899017132e+03 3.5305353496399607e+03
    -4.6716490780319281e-02 1.3739787393265264e-02
    -1.5320001863928441e+00 1.0058860009174625e+03
    1.1822066666261946e+03 3.5130170351312709e+03 7.0602131323822884e-02
    -3.2340855551091251e-02 -1.5964244564413981e+00
    -2.5146760133567900e+03 3.3898687187345917e+02
    4.5836612459201597e+03 7.0178253857591022e-02
    -3.0586326262087678e-02 -1.5963839097112733e+00
    -2.5147987127660335e+03 3.3894364244694549e+02
    4.5848773912048655e+03 3.8449341435975906e-02
    -2.2627051705982160e-02 -1.6055827159214622e+00
    -2.6050186597447168e+03 6.7420950096762067e+02
    4.5477004788657396e+03 1.1811907068511345e-04
    -1.2544807510077471e-01 -1.6271103967971257e+00
    -2.5461297582579123e+03 7.5909960373704496e+02
    4.4268429026245749e+03 7.1986609250980937e-02
    -6.7816424015127399e-02 -1.6056163934402086e+00
    -2.2247446002736083e+03 6.6373436514378602e+02
    4.1381380821154071e+03 1.0013096705993801e-01 7.4818262125188025e-03
    -1.5748047454183409e+00 -1.8192320602789248e+03
    6.3999440929162415e+02 3.9783305013844788e+03</data></Extrinsic_Parameters>
