<?xml version="1.0"?>
<opencv_storage>
<calibration_Time>"Tue 04 Apr 2017 01:33:34 PM EDT"</calibration_Time>
<nrOfFrames>29</nrOfFrames>
<image_Width>1600</image_Width>
<image_Height>1200</image_Height>
<board_Width>9</board_Width>
<board_Height>6</board_Height>
<square_Size>52.</square_Size>
<flagValue>0</flagValue>
<Camera_Matrix type_id="opencv-matrix">
  <rows>3</rows>
  <cols>3</cols>
  <dt>d</dt>
  <data>
    1.2582820267245943e+03 0. 8.0159721708114466e+02 0.
    1.2570594936087541e+03 6.0864982207476737e+02 0. 0. 1.</data></Camera_Matrix>
<Distortion_Coefficients type_id="opencv-matrix">
  <rows>5</rows>
  <cols>1</cols>
  <dt>d</dt>
  <data>
    2.8335118456854189e-02 -1.9551288783568863e-01
    1.5358776369727824e-03 -8.8827832314693851e-04
    1.0276394320049760e-01</data></Distortion_Coefficients>
<Avg_Reprojection_Error>3.4146767012137580e-01</Avg_Reprojection_Error>
<Per_View_Reprojection_Errors type_id="opencv-matrix">
  <rows>29</rows>
  <cols>1</cols>
  <dt>f</dt>
  <data>
    3.47968876e-01 3.12764615e-01 2.88979501e-01 2.52883404e-01
    3.81830305e-01 3.13707948e-01 3.36438268e-01 3.73669505e-01
    3.07526141e-01 2.75084585e-01 2.31850609e-01 4.62337226e-01
    4.12407756e-01 2.80281872e-01 1.55452088e-01 2.24855036e-01
    2.02073485e-01 4.50417519e-01 2.95963645e-01 2.19762355e-01
    3.39288265e-01 2.10193262e-01 6.14296556e-01 2.99478412e-01
    3.60335588e-01 3.57830018e-01 4.59183961e-01 3.08470190e-01
    4.32509840e-01</data></Per_View_Reprojection_Errors>
<!-- a set of 6-tuples (rotation vector + translation vector) for each view -->
<Extrinsic_Parameters type_id="opencv-matrix">
  <rows>29</rows>
  <cols>6</cols>
  <dt>d</dt>
  <data>
    -8.0493387364786367e-02 -6.9276882706756873e-02
    3.1362922785232041e+00 -4.4222243911190071e+02
    -3.6812922296058309e+02 1.4770607875153180e+03
    4.9721961005613831e-02 1.8970799373616794e-02
    -3.1223004363365341e+00 2.3425041462236745e+01
    -3.5795339263200077e+02 1.4736021665609881e+03
    4.8678717969640461e-02 1.3647356894274070e-03
    -3.1318371020764020e+00 4.5236111907763768e+02
    -3.3967493601996273e+02 1.4657480730818306e+03
    2.3853052230947882e-02 -1.9988369383231498e-02
    3.1232424138611434e+00 8.6578525599513341e+02
    -3.6285261388863631e+02 1.4515088330925439e+03
    3.6881188385642687e-02 5.0817982145575979e-02
    -1.5810773308214325e+00 6.2292478781339173e+02
    -3.6073350521952761e+01 1.5180947186001670e+03
    1.8039936847446543e-02 1.7146435902509811e-02
    -1.5813826505270527e+00 6.3433229386990809e+02
    4.0075997032510986e+02 1.5064451575147336e+03 7.7359608361432016e-03
    -9.4737754308282657e-03 -1.5817802888849433e+00
    6.4649044797998476e+02 6.1911980246514111e+02 1.4858386080956948e+03
    -6.4136171620699373e-02 3.0367410697857238e-02
    -6.2593845686466143e-02 4.8737258593539235e+02
    3.8636623465578901e+02 1.5339576729922337e+03
    -3.1609171660446002e-02 2.5864381762987002e-02
    1.0582212100582683e-03 3.6317527196368331e+01 3.3667020111094013e+02
    1.5143164253090320e+03 -2.3750968536085319e-02
    2.1047131684588931e-02 -1.0644001930975028e-02
    -3.8312074537667752e+02 3.4340874263911081e+02
    1.5038566808144944e+03 -3.0286097828355615e-02
    -2.7534532554665495e-02 1.3964403393116078e-02
    -8.7454673606867732e+02 3.6017594982149745e+02
    1.4765906857249281e+03 -5.4705418589506748e-02
    3.7028428297016823e-02 1.5921521453803598e+00
    -6.0456845842399400e+02 -3.1777483936229896e+01
    1.5100652349874817e+03 -3.4343712075917507e-02
    -7.2396571040345701e-03 1.5535482046979696e+00
    -6.5110917129664347e+02 -4.0173172894767885e+02
    1.5129361848394137e+03 -1.6125148065476665e-02
    -2.3248630033434178e-02 1.4372723139475507e+00
    2.8257976505295198e+02 -2.6522747764417954e+02
    1.8769455524224174e+03 1.9733370849277551e-02 1.2406120187697068e-03
    2.2849550256041646e+00 9.8170428298368392e+02
    -1.5500410660392203e+02 1.8649478347919551e+03
    -2.3445247452032362e-02 -4.3884505104376005e-03
    1.4537097490652245e-02 5.1184529240949246e+00 1.3916151484158686e+02
    1.8806865771207965e+03 1.1760407686257142e-02 4.8509461741375309e-01
    -1.1565430001495486e-01 -7.8855038975433246e+01
    -1.1151085437007912e+02 1.8368865115306908e+03
    -5.5983167898888520e-01 9.7246270888054990e-03
    -2.7348671818403787e-02 -1.0088821908914116e+02
    -1.7527460572439685e+02 1.8304292690133407e+03
    1.3709942359517410e-01 -3.0276559314055068e-01
    8.1709742328938817e-01 4.5816321518040587e+02
    -2.7934469549591040e+02 1.7008170234229272e+03
    -3.5812861690690798e-02 1.4560948186880293e-01
    3.3310959717880828e-01 -7.7203882940026767e+02
    -2.0207476478046291e+02 1.8537280568657015e+03
    -4.8828209352402746e-01 1.7200038617730999e-02
    -1.2520668234593199e-01 -1.0003421896615454e+03
    1.1164812638121435e+02 1.8112102370714356e+03
    -1.8335208933868041e-01 4.9437722333907164e-01
    1.7322769318479205e+00 8.1478552905635013e+02
    -1.7645341262435468e+00 1.7493290269951783e+03
    -2.3308622794899644e-02 2.3742703289851994e-01
    3.0334627899379072e+00 1.8016976337197090e+02 8.2540934997779431e+01
    5.3949654699587700e+02 -5.3466793035680771e-01
    6.8827966939513674e-01 2.7181276719542136e+00 3.4118340445808502e+02
    1.4241871087043410e+02 1.4951909963701237e+03
    -4.5171358619009017e-01 -5.8915307733906630e-01
    -2.6535715973793250e+00 -3.8462167061057312e+02
    3.5009196514229342e+02 1.2854926035761489e+03
    -4.3597837219817520e-01 -5.9304057435321966e-01
    -2.6678088531155306e+00 -3.8062740042934087e+02
    3.4093899754013393e+02 1.2912727839435036e+03
    -9.1706557090431595e-01 1.3722499772259605e-01
    -2.2807799739155912e+00 4.9846099493446235e+02
    3.3283337381250334e+02 1.3819917292331929e+03 2.5122921665007147e-01
    9.0856643428050632e-01 -5.1483420764809640e-01
    2.6757209439080992e+02 -4.6279314644930025e+01
    1.8166002672800887e+03 8.4142776971206079e-01 7.8991384618560834e-01
    -1.4779322785750262e+00 -1.8657981394310437e+02
    -2.2326018525931588e+01 1.8222153211179534e+03</data></Extrinsic_Parameters>
