<?xml version="1.0"?> 
<opencv_storage> 
<images> 
./camera_3015_5/2017-04-04-132315.jpg
./camera_3015_5/2017-04-04-132328.jpg
./camera_3015_5/2017-04-04-132335.jpg
./camera_3015_5/2017-04-04-132350.jpg
./camera_3015_5/2017-04-04-132407.jpg
./camera_3015_5/2017-04-04-132414.jpg
./camera_3015_5/2017-04-04-132419.jpg
./camera_3015_5/2017-04-04-132439.jpg
./camera_3015_5/2017-04-04-132443.jpg
./camera_3015_5/2017-04-04-132449.jpg
./camera_3015_5/2017-04-04-132453.jpg
./camera_3015_5/2017-04-04-132506.jpg
./camera_3015_5/2017-04-04-132511.jpg
./camera_3015_5/2017-04-04-132525.jpg
./camera_3015_5/2017-04-04-132530.jpg
./camera_3015_5/2017-04-04-132540.jpg
./camera_3015_5/2017-04-04-132545.jpg
./camera_3015_5/2017-04-04-132549.jpg
./camera_3015_5/2017-04-04-132553.jpg
./camera_3015_5/2017-04-04-132557.jpg
./camera_3015_5/2017-04-04-132602.jpg
./camera_3015_5/2017-04-04-132608.jpg
./camera_3015_5/2017-04-04-132628.jpg
./camera_3015_5/2017-04-04-132635.jpg
./camera_3015_5/2017-04-04-132642.jpg
./camera_3015_5/2017-04-04-132648.jpg
./camera_3015_5/2017-04-04-132655.jpg
./camera_3015_5/2017-04-04-132732.jpg
./camera_3015_5/2017-04-04-132736.jpg
</images> 
</opencv_storage> 

