<?xml version="1.0"?> 
<opencv_storage> 
<images> 
./camera_3015_1/2017-02-21-114434_18.jpg
./camera_3015_1/2017-02-21-114434_40.jpg
./camera_3015_1/2017-02-21-114434_46.jpg
./camera_3015_1/2017-02-21-114434_19.jpg
./camera_3015_1/2017-02-21-114434_32.jpg
./camera_3015_1/2017-02-21-114434_5.jpg
./camera_3015_1/2017-02-21-114434_3.jpg
./camera_3015_1/2017-02-21-114434_25.jpg
./camera_3015_1/2017-02-21-114434_13.jpg
./camera_3015_1/2017-02-21-114434_33.jpg
./camera_3015_1/2017-02-21-114434_44.jpg
./camera_3015_1/2017-02-21-114434_2.jpg
./camera_3015_1/2017-02-21-114434_9.jpg
./camera_3015_1/2017-02-21-114434_14.jpg
./camera_3015_1/2017-02-21-114434_6.jpg
./camera_3015_1/2017-02-21-114434_16.jpg
./camera_3015_1/2017-02-21-114434_17.jpg
./camera_3015_1/2017-02-21-114434_34.jpg
./camera_3015_1/2017-02-21-114434_37.jpg
./camera_3015_1/2017-02-21-114434_7.jpg
./camera_3015_1/2017-02-21-114434_15.jpg
./camera_3015_1/2017-02-21-114434_39.jpg
./camera_3015_1/2017-02-21-114434_22.jpg
./camera_3015_1/2017-02-21-114434_41.jpg
./camera_3015_1/2017-02-21-114434_4.jpg
./camera_3015_1/2017-02-21-114434_43.jpg
./camera_3015_1/2017-02-21-114434_10.jpg
./camera_3015_1/2017-02-21-114434_42.jpg
./camera_3015_1/2017-02-21-114434_11.jpg
./camera_3015_1/2017-02-21-114434_20.jpg
./camera_3015_1/2017-02-21-114434_30.jpg
./camera_3015_1/2017-02-21-114434_28.jpg
./camera_3015_1/2017-02-21-114434_31.jpg
./camera_3015_1/2017-02-21-114434_36.jpg
./camera_3015_1/2017-02-21-114434_12.jpg
./camera_3015_1/2017-02-21-114434_29.jpg
./camera_3015_1/2017-02-21-114434_8.jpg
./camera_3015_1/2017-02-21-114434_45.jpg
</images> 
</opencv_storage> 

